Inicio de datos:
-0.01,;0.69,;0.69
1.46,;0.43,;1.34
37.33,;19.25,;-22.01
-0.01,;0.69,;0.68
1.28,;0.55,;1.40
36.87,;18.95,;-21.84
-0.00,;0.69,;0.69
1.22,;0.55,;1.46
36.90,;19.03,;-21.11
-0.01,;0.69,;0.69
1.40,;0.67,;1.34
36.78,;18.80,;-22.14
-0.01,;0.69,;0.69
1.22,;0.55,;1.40
36.77,;19.03,;-20.46
-0.00,;0.69,;0.69
1.40,;0.49,;1.40
36.52,;18.88,;-22.01
-0.01,;0.69,;0.69
1.22,;0.49,;1.34
36.49,;18.91,;-22.77
-0.00,;0.69,;0.69
1.65,;0.61,;1.28
36.91,;18.98,;-21.51
-0.00,;0.69,;0.69
1.40,;0.43,;1.34
36.89,;19.20,;-21.41
-0.01,;0.69,;0.69
1.22,;0.43,;1.28
36.66,;18.92,;-22.17
-0.01,;0.69,;0.69
1.46,;0.49,;1.40
37.02,;19.24,;-21.40
-0.01,;0.69,;0.69
0.73,;0.61,;1.53
36.55,;18.69,;-21.70
-0.01,;0.69,;0.68
1.71,;0.67,;1.28
37.02,;18.64,;-21.89
-0.00,;0.69,;0.68
2.69,;0.12,;1.28
37.01,;19.36,;-21.62
-0.01,;0.69,;0.68
-0.18,;1.16,;1.10
36.79,;18.93,;-22.28
-0.01,;0.70,;0.69
1.83,;0.49,;1.22
36.87,;19.20,;-22.46
-0.01,;0.69,;0.68
1.28,;0.85,;1.22
37.08,;19.01,;-22.17
-0.01,;0.69,;0.69
0.79,;0.79,;1.40
36.71,;18.77,;-21.57
-0.01,;0.69,;0.69
2.14,;0.49,;1.40
36.71,;19.34,;-22.11
-0.00,;0.69,;0.68
1.04,;0.67,;1.46
37.04,;18.81,;-22.16
-0.01,;0.69,;0.69
1.77,;0.31,;1.46
36.58,;18.92,;-21.95
-0.01,;0.70,;0.69
1.71,;0.24,;1.53
36.56,;19.01,;-21.59
0.01,;0.69,;0.70
1.59,;0.00,;1.34
36.56,;18.75,;-22.72
-0.00,;0.69,;0.68
1.71,;0.67,;1.53
36.61,;19.30,;-22.40
-0.01,;0.70,;0.69
1.28,;0.43,;1.46
37.21,;18.77,;-21.29
-0.00,;0.69,;0.69
1.89,;0.49,;1.53
37.39,;18.66,;-21.59
-0.01,;0.69,;0.69
0.98,;0.43,;1.53
37.11,;18.82,;-20.92
-0.00,;0.69,;0.69
1.89,;0.43,;1.53
36.68,;19.06,;-21.83
-0.01,;0.69,;0.69
1.16,;0.49,;1.34
36.77,;18.71,;-22.07
-0.00,;0.68,;0.68
1.34,;0.55,;1.40
37.07,;18.63,;-21.85
-0.03,;0.66,;0.67
3.42,;-0.73,;0.61
36.83,;19.27,;-21.37
0.01,;0.70,;0.68
0.18,;-14.34,;1.83
37.13,;18.58,;-21.58
0.00,;0.70,;0.70
1.59,;0.31,;1.40
36.58,;18.76,;-21.78
0.00,;0.69,;0.69
2.32,;0.37,;1.16
36.43,;18.95,;-21.81
-0.01,;0.69,;0.69
0.73,;0.49,;1.40
36.21,;18.19,;-21.14
-0.01,;0.69,;0.69
2.01,;0.06,;1.46
36.91,;19.04,;-21.67
-0.00,;0.69,;0.69
0.92,;0.55,;1.59
36.41,;19.43,;-22.08
-0.01,;0.69,;0.69
1.65,;0.31,;1.53
36.57,;18.44,;-22.09
-0.01,;0.69,;0.69
1.71,;0.37,;1.34
36.35,;18.40,;-21.51
-0.01,;0.69,;0.69
1.34,;0.43,;1.40
36.82,;18.38,;-22.23
-0.01,;0.69,;0.69
1.53,;0.49,;1.59
36.83,;18.88,;-22.02
-0.01,;0.69,;0.69
1.28,;0.61,;1.34
36.54,;18.85,;-22.41
-0.00,;0.69,;0.69
1.65,;0.67,;1.28
36.45,;18.87,;-22.20
-0.01,;0.69,;0.69
1.10,;0.67,;1.34
36.30,;19.06,;-21.89
-0.00,;0.69,;0.69
1.53,;0.67,;1.28
37.00,;18.59,;-22.11
-0.00,;0.69,;0.69
1.22,;0.79,;1.46
36.63,;19.02,;-21.59
-0.01,;0.69,;0.69
1.77,;0.49,;1.22
36.46,;18.64,;-22.02
-0.00,;0.69,;0.69
1.10,;0.67,;1.59
36.29,;19.34,;-21.91
-0.01,;0.69,;0.69
1.46,;0.43,;1.40
36.52,;19.13,;-21.97
-0.00,;0.69,;0.69
1.22,;0.61,;1.40
36.35,;18.69,;-22.61
-0.00,;0.69,;0.69
1.77,;0.37,;1.40
36.51,;18.95,;-21.77
-0.01,;0.69,;0.69
1.04,;0.61,;1.40
36.65,;19.20,;-22.00
-0.01,;0.69,;0.69
1.65,;0.43,;1.53
36.46,;19.15,;-22.58
-0.01,;0.69,;0.69
1.40,;0.61,;1.40
36.78,;19.29,;-21.86
-0.01,;0.69,;0.69
1.46,;0.67,;1.28
36.54,;18.85,;-21.80
-0.01,;0.68,;0.68
1.95,;0.37,;1.40
36.72,;18.95,;-21.17
-0.00,;0.69,;0.69
1.40,;0.49,;1.53
36.94,;19.34,;-21.03
-0.01,;0.69,;0.69
1.46,;0.43,;1.40
37.06,;18.85,;-21.39
-0.00,;0.69,;0.69
1.53,;0.49,;1.34
36.28,;18.88,;-22.63
